function [subs] = create_subject_structure()
subs = struct();

subs(1).subj_id = 'gb070167';
subs(1).headcast_t1 = 'pd_nw_mtflash3d_v3e_HeadCast_12ch_0002/mmsMQ0484_orig.img';
subs(1).mpm_t1 = 's2015-06-18_15-22-154522-00001-00224-1_T1w.nii';
subs(1).nas=[9.9898 142.5147 -8.1787];
subs(1).lpa=[-55.7659 49.4636 -26.2089];
subs(1).rpa=[88.7153 62.4787 -29.1394];
subs(1).sessions=[1];

subs(2).subj_id = 'rh110484';
subs(2).headcast_t1 = 'pd_nw_mtflash3d_v3e_HeadCast_12ch_0002/s2014-10-07_14-18-142013-00001-00192-1.nii';
subs(2).mpm_t1 = 's2014-10-07_14-18-145208-00001-00224-1_T1w.nii';
subs(2).nas=[0.4000 117.3122 -9.6584];
subs(2).lpa=[-77.9750 42.3162 -26.4274];
subs(2).rpa=[71.2590 40.7802 -30.1864];
subs(2).sessions=[1:6];

subs(3).subj_id = 'ag170592';
subs(3).headcast_t1 = 'pd_nw_mtflash3d_v3e_HeadCast_12ch_0002/s2014-10-02_12-11-121418-00001-00192-1.nii';
subs(3).mpm_t1 = 's2014-10-02_12-11-124515-00001-00224-1_T1w.nii';
subs(3).nas=[2.5710 111.5040 20.5150];
subs(3).lpa=[-78.2450 46.0940 -13.5810];
subs(3).rpa=[73.3740 41.3980 -10.9450];
subs(3).sessions=[1:4];

subs(4).subj_id = 'rk131286';
subs(4).headcast_t1 = 'pd_nw_mtflash3d_v3e_HeadCast_12ch_0002/s2014-10-08_11-09-111650-00001-00192-1.nii';
subs(4).mpm_t1 = 's2014-10-08_11-09-114810-00001-00224-1_T1w.nii';
subs(4).nas=[-6.7000 120.9000 -14.8000];
subs(4).lpa=[-86 39.4000 -57.6000];
subs(4).rpa=[75.2000 52.2000 -57.4000];
subs(4).sessions=[1:4];

subs(5).subj_id = 'sp260284';
subs(5).headcast_t1 = 'pd_nw_mtflash3d_v3e_HeadCast_12ch_0002/s2014-10-10_16-08-161009-00001-00192-1.nii';
subs(5).mpm_t1 = 's2014-10-10_16-08-163926-00001-00224-1_T1w.nii';
subs(5).nas=[-5.5930 109.1525 16.5860];
subs(5).lpa=[-78.5530 33.6745 -11.0340];
subs(5).rpa=[73.7700 38.6545 -10.3130];
subs(5).sessions=[1:4];

subs(6).subj_id = 'nc120894';
subs(6).headcast_t1 = 'pd_nw_mtflash3d_v3e_HeadCast_12ch_0002/s2014-10-09_14-47-144933-00001-00192-1.nii';
subs(6).mpm_t1 = 's2014-10-09_14-47-151855-00001-00224-1_T1w.nii';
subs(6).nas=[4.6030 109.0934 26.2327];
subs(6).lpa=[-69.8850 36.9034 -3.0143];
subs(6).rpa=[71.8630 31.1924 -2.7183];
subs(6).sessions=[3];

subs(7).subj_id = 'bvw270685';
subs(7).headcast_t1 = 'pd_nw_mtflash3d_v3e_HeadCast_12ch_0002/s2015-06-09_11-44-114620-00001-00192-1.nii';
subs(7).mpm_t1 = 's2015-06-09_11-44-121745-00001-00224-1_T1w.nii';
subs(7).nas=[-9.4100 110.0300 9.3589];
subs(7).lpa=[-74.5140 46.7120 -17.2951];
subs(7).rpa=[61.0680 49.7940 -11.8531];
subs(7).sessions=[1:4];

subs(8).subj_id = 'ad080391';
subs(8).headcast_t1 = 'pd_nw_mtflash3d_v3e_HeadCast_12ch_0002/s2014-10-03_15-14-151946-00001-00192-1.nii';
subs(8).mpm_t1 = 's2014-10-03_15-14-155029-00001-00224-1_T1w.nii';
subs(8).nas=[12.9130 110.7524 9.6484];
subs(8).lpa=[-71.1920 37.3994 -21.4386];
subs(8).rpa=[81.9700 24.4084 -23.5716];
subs(8).sessions=[1:5];
